163002 163007 2012 599 87310
53096 120035 2012 432 87309
163003 163004 2012 599 87310
163003 163005 2012 599 87310
163003 163006 2012 599 87310
163003 163007 2012 599 87310
163004 163005 2012 599 87310
162727 162728 2012 432 87174
53096 162999 2012 432 87309
31612 80127 2012 96 87321
57284 133823 2012 96 87322
163029 163030 2012 96 87323
6636 163029 2012 96 87323
6636 163030 2012 96 87323
163031 163032 2012 96 87324
6582 57272 2012 96 87325
6584 163033 2012 96 87326
106721 163028 2012 599 87320
77205 77206 2012 96 87327
30892 79132 2012 97 87308
30892 159726 2012 97 87308
163034 163035 2012 432 87328
105640 163036 2012 432 87329
30395 163037 2012 432 87330
43642 159726 2012 97 87308
79132 159726 2012 97 87308
7457 77206 2012 96 87327
7457 77205 2012 96 87327
43642 79132 2012 97 87308
23794 143129 2012 418 74149
53096 120034 2012 432 87309
163000 163001 2012 599 87310
163000 163002 2012 599 87310
163000 163003 2012 599 87310
163000 163004 2012 599 87310
163000 163005 2012 599 87310
163000 163006 2012 599 87310
163000 163007 2012 599 87310
163001 163002 2012 599 87310
98195 158811 2012 97 87307
44581 163008 2012 432 87311
44581 163009 2012 432 87311
44581 163010 2012 432 87311
163008 163009 2012 432 87311
163008 163010 2012 432 87311
163009 163010 2012 432 87311
71228 125553 2012 432 87305
13092 163011 2012 432 87312
13092 29611 2012 432 87312
29611 163011 2012 432 87312
7446 7447 2012 97 87313
163001 163003 2012 599 87310
71228 105638 2012 432 87305
163013 163014 2012 1097 87315
163013 163015 2012 1097 87315
30892 79132 2012 97 87308