32 36 2008 6 9
255 257 2008 2 68
468 483 2008 1 128
846 848 2008 23 251
825 827 2008 22 245
965 966 2008 7 277
1128 1143 2008 25 331
1227 1275 2008 27 364
1736 1737 2008 9 529
1933 1934 2008 38 608
2862 2863 2008 44 933
2900 2903 2008 45 948
3087 3089 2008 42 1014
3142 3143 2008 40 1035
3242 3244 2008 39 1065
3390 3391 2008 50 1116
517 4128 2008 0 1369
4516 4540 2008 45 1502
5145 5504 2008 66 1858
6403 6404 2008 75 2170
6507 6508 2008 76 2207
6663 6664 2008 30 2260
6817 6819 2008 79 2318
6871 6872 2008 78 2337
7491 7492 2008 80 2576
870 871 2008 33 2683
8012 8015 2008 88 2767
707 8030 2008 87 2774
8808 8894 2008 36 3101
5854 5855 2008 70 1964
9474 9477 2008 35 3314
9318 9808 2008 96 3468
9872 9873 2008 96 3502
1510 10184 2008 99 3606
10336 10337 2008 97 3662
10641 10644 2008 101 3768
11564 11565 2008 127 4104
12085 12086 2008 110 4311
12286 12290 2008 133 4394
9929 12579 2008 140 4508
13456 13457 2008 148 4858
10624 10644 2008 154 4898
6666 13628 2008 154 4921
10551 13959 2008 114 5048
13912 14458 2008 106 5251
14600 14602 2008 115 5306
15086 15087 2008 168 5490
15258 15259 2008 163 5557
8180 15331 2008 162 5579
15543 15545 2008 174 5661
15844 15928 2008 164 5797
16416 16417 2008 169 5959
5327 14073 2008 163 5975
8229 16471 2008 49 5977
8009 16722 2008 177 6090
15286 16766 2008 169 6107
16864 16865 2008 12 6149
16891 16893 2008 127 6158
16961 16963 2008 185 6185
10565 18167 2008 192 6644
18436 18437 2008 192 6760
16898 18531 2008 180 6794
18925 18926 2008 201 6959
18936 18937 2008 201 6963
12191 12196 2008 201 6978
19888 19889 2008 204 7310
20134 20135 2008 210 7399
20858 20859 2008 234 7643
21271 21273 2008 242 7783
21894 21895 2008 246 7994
22392 22393 2008 256 8189
22430 22431 2008 258 8204
15822 21915 2008 262 8561
10488 23331 2008 263 8564
23777 23778 2008 275 8734
24320 24321 2008 262 8935
25189 25190 2008 291 9277
25681 25792 2008 300 9517
25872 25873 2008 296 9549
26100 26101 2008 207 9643
26402 26404 2008 209 9762
22768 26435 2008 303 9777
21586 26539 2008 302 9814
27157 27159 2008 306 10077
27366 27367 2008 297 10161
27431 27432 2008 207 10192
27554 27557 2008 279 10247
9890 27805 2008 309 10348
28327 28328 2008 316 10545
28507 28509 2008 77 10612
28479 28480 2008 317 10617
28652 28654 2008 309 10690
28715 28716 2008 326 10715
29209 29212 2008 336 10912
29255 29257 2008 318 10925
29294 29296 2008 317 10939
28293 29438 2008 309 10998
23700 29554 2008 339 11045
29680 29682 2008 338 11096
29781 29782 2008 345 11137
28563 29552 2008 339 11045
30471 30474 2008 323 11445
30874 30875 2008 349 11608
30954 30955 2008 322 11644
16765 31521 2008 356 11967
7009 14694 2008 203 11975
9161 31861 2008 352 12023
31809 31915 2008 356 12046
26393 32031 2008 326 12102
32281 32287 2008 326 12208
26393 32455 2008 326 12284
3132 33082 2008 352 12550
24405 33524 2008 367 12745
33567 33573 2008 352 12761
33845 33850 2008 377 12875
34131 34133 2008 376 12994
22743 22744 2008 332 13123
34589 34590 2008 372 13207
34612 34614 2008 381 13221
33986 34624 2008 372 13222
35255 35256 2008 383 13518
13574 13575 2008 396 13891
36165 36167 2008 405 13945
27211 36103 2008 404 13919
36370 36371 2008 415 14034
36493 36502 2008 412 14079
36661 36662 2008 418 14154
37050 37051 2008 421 14322
12617 22474 2008 432 14596
12866 37984 2008 435 14727
10332 38077 2008 436 14763
38558 38559 2008 435 14947
36079 38279 2008 396 14841
38939 38941 2008 437 15114
34924 39690 2008 417 15457
33739 33741 2008 486 16287
42054 42055 2008 487 16535
4074 35878 2008 432 16657
42684 42686 2008 431 16817
1214 42730 2008 428 16840
15676 15677 2008 409 16871
31715 42873 2008 428 16901
43592 43595 2008 432 17256
20069 23618 2008 429 16677
43718 43719 2008 432 17311
30849 43757 2008 497 17323
43820 43821 2008 494 17344
44276 44334 2008 511 17541
24781 44408 2008 507 17595
26203 44443 2008 503 17611
44463 44464 2008 503 17621
45 46 2008 516 17631
38259 44598 2008 504 17684
43614 45090 2008 499 17921
45538 45539 2008 529 18122
45572 45573 2008 500 18134
45600 45674 2008 513 18181
6059 45984 2008 522 18340
46509 46511 2008 532 18564
46760 46763 2008 532 18688
9251 46583 2008 499 18859
45525 46004 2008 499 18971
46516 47438 2008 500 19002
47446 47462 2008 538 19003
48019 48021 2008 449 19240
15700 48040 2008 560 19253
4467 48063 2008 557 19262
48287 48288 2008 561 19368
16194 47866 2008 558 19160
33459 48540 2008 560 19479
48855 48857 2008 562 19615
48849 48851 2008 449 19617
49380 49394 2008 438 19847
49477 49479 2008 443 19896
49721 49724 2008 522 20015
50401 50404 2008 504 20328
42509 50739 2008 582 20499
49965 51249 2008 578 20741
52849 52850 2008 596 21489
50195 53088 2008 602 21599
53091 53092 2008 601 21601
53926 53928 2008 606 22038
54332 54334 2008 604 22232
44452 54486 2008 611 22298
6760 54572 2008 614 22340
3836 55009 2008 616 22568
8518 55207 2008 591 22662
55366 55367 2008 589 22740
55368 55371 2008 589 22741
26780 27244 2008 617 22763
1389 55446 2008 617 22783
55979 55981 2008 622 23060
56055 56056 2008 618 23091
56628 56630 2008 627 23352
56804 56805 2008 618 23447
21496 57027 2008 150 23557
12230 57434 2008 134 23760
57521 57527 2008 148 23817
44403 57572 2008 149 23847
57783 57784 2008 635 23952
29481 57958 2008 643 24029
57966 57967 2008 642 24035
58194 58195 2008 601 24143
6790 58184 2008 597 24140
39608 58447 2008 641 24267
58544 58545 2008 646 24307
58814 58815 2008 651 24431
58861 58899 2008 630 24462
59741 59746 2008 666 24933
12472 59870 2008 660 24988
59913 59919 2008 671 25010
4113 9137 2008 682 25330
12681 12682 2008 682 25333
61129 61130 2008 688 25668
3984 61212 2008 682 25710
13357 13358 2008 689 25843
1787 61887 2008 432 26075
4573 4574 2008 669 26244
28903 62815 2008 695 26553
63225 63226 2008 706 26765
63433 63434 2008 713 26872
64271 64282 2008 608 27318
64512 64518 2008 726 27412
64585 64586 2008 707 27447
8386 23213 2008 736 27781
65986 65989 2008 718 28149
5934 66219 2008 741 28256
67037 67039 2008 761 28701
67281 67282 2008 771 28818
67413 67414 2008 758 28881
68239 68242 2008 778 29324
68353 68354 2008 764 29370
43053 68523 2008 787 29459
68535 68536 2008 788 29466
51598 68646 2008 788 29518
68662 68663 2008 771 29527
68738 68741 2008 774 29573
68739 68741 2008 774 29573
68850 68851 2008 748 29607
67159 69033 2008 771 29725
69273 69274 2008 799 29855
69395 69396 2008 769 29913
69503 69509 2008 759 29967
53864 69954 2008 813 30204
70032 70034 2008 815 30238
32206 70164 2008 809 30292
23223 44965 2008 762 30285
70228 70229 2008 815 30322
50459 70506 2008 822 30437
70676 70684 2008 809 30520
70860 70861 2008 829 30625
69956 69957 2008 828 30698
8267 71008 2008 828 30715
71008 71011 2008 828 30715
72689 72690 2008 842 31622
41013 45803 2008 782 31688
46636 73045 2008 782 31807
73114 73173 2008 845 31861
73220 73221 2008 857 31884
56904 73425 2008 747 31988
44733 73479 2008 848 32028
73966 73968 2008 844 32277
16357 44240 2008 870 32284
68950 74132 2008 854 32366
74207 74208 2008 766 32407
74006 74488 2008 844 32571
74666 74671 2008 875 32675
55054 75093 2008 857 32888
73480 75679 2008 860 33171
75692 75694 2008 860 33181
41841 72791 2008 895 33240
75726 76012 2008 860 33349
22949 48137 2008 907 33555
76610 76615 2008 900 33652
5989 75784 2008 899 33844
77210 77212 2008 796 33956
79079 79081 2008 747 34951
79642 79645 2008 931 35216
75013 80089 2008 939 35411
80093 80097 2008 934 35414
80372 80374 2008 933 35550
80634 80636 2008 964 35692
80679 80685 2008 945 35719
23183 80912 2008 935 35844
18223 81737 2008 968 36244
59594 81840 2008 979 36299
70971 81894 2008 977 36325
1062 16332 2008 764 36464
66827 82474 2008 990 36596
82462 82499 2008 989 36593
42139 82685 2008 996 36705
82798 82800 2008 988 36757
60250 82886 2008 891 36808
18121 82920 2008 965 36802
40922 83095 2008 995 36900
83541 83542 2008 1001 37159
83215 83216 2008 932 36961
53046 84144 2008 943 37503
84850 84853 2008 1000 37932
10273 42405 2008 935 37942
17395 84934 2008 1000 37996
10678 13810 2008 999 38108
84598 85254 2008 1016 38190
10317 14904 2008 760 38183
85364 85365 2008 1019 38252
2757 85580 2008 1018 38362
85756 85757 2008 950 38453
85765 85766 2008 950 38457
85814 85842 2008 764 38485
86025 86026 2008 1033 38609
86191 86192 2008 1037 38686
86337 86358 2008 1026 38757
27706 44854 2008 1026 38860
86862 86863 2008 1043 39006
22819 87052 2008 835 39113
80879 80880 2008 1040 39164
87438 87439 2008 1022 39349
45966 87968 2008 1050 39675
63511 88442 2008 1061 39885
49399 88525 2008 1051 40007
36731 79621 2008 968 40117
88713 88718 2008 983 40112
55217 88966 2008 968 40235
39655 39656 2008 982 40295
89064 89065 2008 1065 40353
89059 89060 2008 975 40272
52954 89319 2008 981 40412
1722 89480 2008 1061 40478
73276 89497 2008 1070 40495
1341 63737 2008 1074 40627
89878 89882 2008 1070 40668
49524 89893 2008 1067 40673
27980 89985 2008 1071 40712
90891 90892 2008 1087 41199
21136 26086 2008 1089 41255
21693 39429 2008 1099 41311
91126 91128 2008 1081 41323
91228 91229 2008 1084 41385
227 69135 2008 1086 41424
91231 91233 2008 1082 41376
90930 91468 2008 1108 41535
1040 91485 2008 1109 41543
89682 92801 2008 1081 42380
92911 92916 2008 1078 42453
49548 92974 2008 1082 42485
93068 93070 2008 1081 42550
93309 93310 2008 1100 42713
93416 93417 2008 1143 42794
93417 93418 2008 1143 42794
93422 93423 2008 1143 42795
36002 36003 2008 1154 42991
94110 94111 2008 1151 43166
94184 94204 2008 1157 43223
3711 8800 2008 1163 43306
94449 94451 2008 1163 43380
94417 94495 2008 1168 43361
36003 94470 2008 1165 43276
94514 94515 2008 1169 43427
4414 83070 2008 1169 43429
13273 94552 2008 1146 43446
94583 94585 2008 1155 43465
94801 94809 2008 1169 43594
51248 94979 2008 1154 43694
56618 95034 2008 1172 43729
95054 95055 2008 1171 43782
95045 95046 2008 1172 43735
39885 95174 2008 1113 43825
15453 95257 2008 1113 43882
79047 95467 2008 1150 44066
3984 13649 2008 1114 44376
47124 47170 2008 1187 44516
97272 97273 2008 1129 45129
71965 97293 2008 1186 45140
97554 97555 2008 1194 45295
17245 97636 2008 265 45346
25518 62209 2008 1212 45475
97667 98121 2008 1199 45675
20863 45019 2008 1216 45729
98470 98472 2008 1196 45891
77869 98674 2008 1212 46004
26517 98687 2008 265 46011
80015 98747 2008 1197 46045
13374 13376 2008 1103 46169
74620 99320 2008 1226 46395
11707 99653 2008 1219 46583
99670 99673 2008 1086 46593
99808 99814 2008 1229 46685
6665 6667 2008 1119 46715
11581 53715 2008 1090 46835
17559 100506 2008 1187 47157
100793 100794 2008 1205 47350
89313 100870 2008 1191 47402
11473 101183 2008 1227 47597
42747 101407 2008 1243 47722
32247 101488 2008 1219 47780
99242 101530 2008 1219 47799
101770 101771 2008 1247 47948
62595 102533 2008 1275 48385
20354 102813 2008 1277 48555
103114 103119 2008 1291 48748
103188 103189 2008 1288 48783
949 103300 2008 1294 48841
14353 103632 2008 1261 49021
103660 103661 2008 1288 49042
103491 103494 2008 1257 48937
103964 103965 2008 1247 49214
15914 104318 2008 1288 49438
10552 104385 2008 1305 49473
13626 61196 2008 888 49525
54187 105174 2008 884 50005
31692 105240 2008 890 50057
32644 105623 2008 1254 50282
22959 22961 2008 1322 50354
89203 105935 2008 1318 50486
28920 106130 2008 1256 50638
30309 30310 2008 1328 50767
75249 106285 2008 888 50770
97278 106453 2008 1268 50868
16043 16045 2008 1330 51028
3026 18265 2008 1337 51188
14267 107022 2008 1338 51254
56760 107237 2008 1338 51397
80921 107346 2008 1344 51472
102846 107423 2008 1333 51516
107409 107470 2008 1346 51544
23267 107715 2008 1337 51677
107721 107722 2008 1333 51679
107893 107894 2008 1333 51798
16426 108161 2008 1165 51979
6204 108457 2008 1361 52199
108325 108326 2008 1338 52092
10627 108551 2008 1333 52267
108692 108693 2008 1333 52358
108846 108847 2008 1353 52455
108915 108916 2008 1333 52497
71177 109042 2008 1333 52583
41906 109199 2008 1341 52702
26405 109920 2008 1376 53177
110251 110252 2008 1383 53416
6611 111048 2009 1339 53905
111238 111240 2009 764 54030
67861 111294 2009 518 54064
12815 111382 2009 574 54128
111424 111425 2009 1389 54156
17770 111133 2009 574 53956
111507 111508 2009 764 54199
96313 112110 2009 1077 54559
101889 112506 2009 1384 54804
112599 112601 2009 777 54869
112726 112727 2009 759 54949
112879 112881 2009 313 55054
87627 113432 2009 1398 55484
4197 20202 2009 1398 55578
113723 113726 2009 1252 55665
45744 113887 2009 1399 55764
69173 114126 2009 1252 55926
114110 114111 2009 859 55913
114169 114170 2009 1401 55959
114218 114233 2009 859 55983
65219 114274 2009 8 56018
114285 114286 2009 859 56000
100124 114782 2009 211 56354
22820 114859 2009 1101 56412
115270 115271 2009 1403 56688
97483 97485 2009 1101 56686
42942 114237 2009 1406 56748
59274 94965 2009 1406 56854
2403 109768 2009 1404 57014
22402 79852 2009 1186 57026
97234 115978 2009 1398 57152
80926 116051 2009 314 57195
116237 116238 2009 237 57312
15135 116510 2009 1101 57496
116562 116563 2009 1411 57526
45666 91392 2009 467 57620
116835 116837 2009 1411 57679
117039 117041 2009 707 57797
117058 117059 2009 707 57809
22466 117507 2009 1417 58061
21079 63619 2009 456 58235
27634 98915 2009 404 58427
68938 118083 2009 1392 58443
84718 84719 2009 950 58516
21612 87928 2009 466 58704
21612 118444 2009 466 58704
40916 40917 2009 467 58724
18631 84860 2009 692 58794
725 46748 2009 952 58825
16868 79553 2009 180 58854
96226 118900 2009 115 59054
1482 1488 2009 12 59316
119620 119621 2009 1423 59523
44067 44072 2009 1423 59408
119630 119631 2009 1423 59530
40973 119753 2009 597 59599
82300 120049 2009 812 59756
4113 120271 2009 1415 59879
120339 120340 2009 1427 59914
62383 120912 2009 623 60266
15639 121087 2009 1431 60376
50640 50820 2009 1370 60650
32011 64949 2009 1372 60679
121247 121248 2009 1430 60693
121852 121854 2009 1439 60932
121891 121892 2009 1438 60952
25658 28066 2009 1441 61184
28068 122178 2009 1441 61173
27674 33627 2009 1433 61321
122461 122547 2009 1338 61427
122562 122563 2009 1338 61490
122839 122840 2009 1444 61607
75816 76242 2009 1444 61606
123039 123040 2009 1445 61713
11671 36123 2009 851 61930
36157 89158 2009 1446 62072
105658 106347 2009 866 62089
123602 123603 2009 878 62096
27611 57452 2009 1279 62229
124273 124275 2009 1445 62561
3078 124554 2009 1203 62769
33023 59749 2009 1456 62893
82748 124809 2009 1455 62924
25604 47423 2009 1203 62942
124942 124943 2009 1219 63021
44591 101293 2009 1219 63132
21131 94103 2009 283 63327
21734 125405 2009 1457 63395
23347 122229 2009 266 63414
125628 125631 2009 1456 63570
71408 78291 2009 1197 63615
6627 118557 2009 1197 63774
18102 125924 2009 1197 63777
4187 27036 2009 1197 63783
126165 126168 2009 1462 63917
126005 126012 2009 1459 63825
48020 89337 2009 1464 64069
32390 126615 2009 1464 64185
38542 126696 2009 1464 64289
75626 75629 2009 1459 64426
127114 127162 2009 1467 64572
127217 127218 2009 1467 64588
127290 127293 2009 1468 64626
127614 127617 2009 957 64808
2728 40088 2009 971 64866
471 60712 2009 891 64991
128510 128511 2009 949 65422
9998 26740 2009 931 65417
128682 128684 2009 968 65490
128638 128748 2009 968 65474
129079 129081 2009 963 65758
44844 60924 2009 1093 65843
79655 90913 2009 1093 66340
15881 130111 2009 766 66477
98744 130143 2009 766 66490
107371 130763 2009 1487 66908
128658 128659 2009 968 65480
36389 131576 2009 1490 67442
121842 131595 2009 778 67449
82728 131906 2009 1492 67656
131926 131928 2009 1493 67675
132147 132149 2009 868 67836
130900 130901 2009 968 66999
133266 133270 2009 949 68603
26124 59189 2009 1502 68738
133726 133727 2009 1504 68960
85719 133938 2009 1030 69081
125470 125473 2009 305 63440
68827 134311 2009 1506 69296
134337 134342 2009 1506 69307
2253 102818 2009 1510 69424
110117 134494 2009 1510 69429
87641 134504 2009 1510 69446
115624 134596 2009 1512 69485
134694 134695 2009 1512 69528
134876 134877 2009 1513 69627
135154 135155 2009 1515 69780
80014 135239 2009 1515 69826
36776 135489 2009 1518 70079
135397 135447 2009 1518 70138
135715 135716 2009 1515 70207
52655 113673 2009 587 70776
70374 136615 2009 645 70853
40166 55797 2009 587 70895
66474 103800 2009 587 70909
7226 136756 2009 1521 70983
98218 136823 2009 149 71050
571 58847 2009 626 71094
14716 124737 2009 714 71234
1631 137063 2009 714 71251
133243 137213 2009 1524 71353
14842 137314 2009 1511 71441
110413 137388 2009 1523 71501
64640 79249 2009 521 71896
137937 137938 2009 1527 71976
13942 69176 2009 521 72071
48180 138234 2009 561 72158
117577 138286 2009 554 72183
2194 138387 2009 557 72237
24536 25170 2009 557 72362
138639 138640 2009 539 72413
130470 138710 2009 541 72457
23995 102004 2009 541 72519
81191 86169 2009 1527 72778
139279 139284 2009 1527 72840
65898 138988 2009 1528 72677
10582 113680 2009 432 73135
28109 139770 2009 1534 73319
1301 6666 2009 554 73965
852 140526 2009 561 73988
140564 140565 2009 417 74022
63155 64543 2009 1538 74115
140698 140700 2009 405 74125
32533 36320 2009 1540 74394
141755 141757 2009 1545 74921
30895 141776 2009 356 74930
35959 102815 2009 321 75049
27990 142086 2009 315 75140
96992 142184 2009 349 75204
73823 127281 2009 349 75208
68449 142250 2009 319 75259
32335 142413 2009 1553 75372
15840 35462 2009 389 75421
25517 110037 2009 1554 75396
61011 125492 2009 1457 75690
142799 142800 2009 1457 75697
35904 142912 2009 1457 75762
142924 142997 2009 1457 75769
20250 29058 2009 1457 75836
16120 143030 2009 1557 75848
143035 143037 2009 1557 75850
143130 143131 2009 1557 75909
26104 143653 2009 219 76243
105450 121307 2009 1457 76292
18130 53354 2009 1547 76314
143843 143853 2009 1559 76384
45054 139526 2009 1560 76563
144167 144168 2009 219 76602
21649 116345 2009 219 76618
144242 144244 2009 1457 76647
139077 144961 2009 162 77135
145162 145164 2009 103 77295
10956 145225 2009 108 77332
145348 145378 2009 145 77450
6204 6205 2009 57 77850
9166 146081 2009 30 77990
146322 146323 2009 1569 78166
24753 29541 2009 340 78175
80083 107186 2009 340 78205
68993 131577 2009 1571 78501
96351 146939 2009 40 78583
70534 90893 2009 1574 78741
1230 147212 2009 27 78852
146757 146761 2009 1572 78509
2803 118165 2009 352 79132
9765 147359 2009 357 79163
147927 147928 2009 1577 79305
14354 22553 2009 373 79339
147419 147556 2009 1575 79440
148190 148194 2009 373 79467
148242 148262 2009 388 79514
148274 148275 2009 1575 79522
131470 148307 2009 1575 79540
132176 149307 2009 1582 80070
38488 149493 2009 58 80237
112995 113001 2009 78 80412
63865 149816 2009 33 80504
16801 150008 2009 1586 80624
6712 6713 2009 77 80938
14668 22063 2009 1587 80944
133419 150530 2009 83 80999
86522 150908 2009 83 81250
972 92946 2009 344 81540
118913 151413 2009 1195 81595
102387 151524 2009 1590 81675
20539 109671 2009 1182 81730
50238 50239 2009 284 82269
10073 152265 2009 1593 82300
96990 152865 2009 1200 82725
99034 153473 2009 213 83204
10245 102668 2009 221 83726
23207 89851 2009 264 83805
1706 7664 2009 271 84009
59832 154550 2009 1606 84011
19691 26104 2009 207 84232
21252 119395 2009 1602 84240
25654 154787 2009 296 84190
155160 155161 2009 1605 84536
35894 155492 2009 601 84728
763 21918 2009 1612 84912
84078 156071 2009 605 85086
54211 156141 2009 613 85135
12993 39219 2009 611 85201
156463 156464 2009 631 85361
156218 156627 2009 622 85469
157497 157498 2009 729 86053
157507 157525 2009 1620 86061
157625 157626 2009 718 86163
119252 157688 2009 660 86210
69409 69410 2009 668 86416
43751 65730 2009 729 86513
110822 158304 2009 729 86659
158755 158757 2009 1614 86918
9317 50246 2009 1626 87100
41545 159057 2009 1626 87106
4189 159162 2009 1625 87183
159212 159236 2009 1626 87206
159290 159291 2009 1625 87249
74851 159658 2009 163 87491
29263 159679 2009 169 87513
65562 160050 2009 191 87776
160326 160327 2009 170 87959
33814 160487 2009 20 88060
79454 160497 2009 1 88071
9110 102312 2009 14 88178
161118 161119 2009 47 88515
4837 161207 2009 45 88571
106190 161568 2009 136 88865
11556 161719 2009 114 89009
10503 13930 2009 113 89083
14150 61668 2009 1643 89452
17439 70605 2009 1643 89456
19029 19043 2009 188 89700
1835 131584 2009 188 89701
5198 5199 2009 119 90223
163492 163493 2009 1647 90352
163376 163381 2009 1064 90306
17525 137909 2009 1034 90649
88484 164044 2009 1025 90694
103034 164278 2009 1070 90879
31643 164333 2009 936 90923
164474 164475 2009 944 91007
27814 164514 2009 951 91026
162673 164752 2009 973 91236
127611 164837 2009 985 91286
164856 164857 2009 983 91299
81915 164438 2009 951 90989
165238 165239 2009 822 91581
165257 165259 2009 815 91590
27174 85543 2009 782 91662
94508 165513 2009 807 91841
2856 111177 2009 1656 91925
165662 165663 2009 1656 91963
31945 91961 2009 1657 92011
44090 139298 2009 769 92025
7882 7883 2009 782 92141
80293 166178 2009 1661 92314
38287 38288 2009 1649 92373
165478 165797 2009 828 91797
36001 167179 2009 1340 92909
57063 167245 2009 1168 92952
72223 167330 2009 1289 93016
89838 167439 2009 751 93110
167415 167439 2009 751 93110
167454 167462 2009 857 93122
129798 167558 2009 1669 93219
814 815 2009 1224 93519
603 168021 2009 1429 93572
168137 168140 2009 1103 93675
54000 153628 2009 1103 93698
168240 168241 2009 1115 93802
77594 125502 2009 1143 93839
22395 168457 2009 1087 94006
25351 93198 2009 997 94102
155029 168575 2009 990 94100
168757 168758 2009 1011 94223
27167 77405 2009 1007 94557
12421 12423 2009 1006 94596
35306 129158 2009 1000 94620
169292 169293 2009 989 94802
83344 83346 2009 817 94931
644 100534 2009 1669 95059
54231 169738 2009 820 95149
169767 169769 2009 1669 95190
61794 169780 2009 1061 95199
41050 41408 2009 1024 95507
23848 170220 2009 1349 95573
170149 170326 2009 1337 95652
97191 170425 2009 1374 95717
3723 16694 2009 1162 96076
52317 52318 2009 1291 96302
171259 171261 2009 1248 96445
171262 171263 2009 1248 96446
171380 171381 2009 1247 96532
117052 171485 2009 1377 96632
7443 171550 2009 1379 96680
171649 171651 2009 1374 96738
16768 74350 2009 1366 96772
172082 172083 2009 1099 97005
42552 172183 2009 1081 97077
95411 95412 2009 1092 97173
30716 87277 2009 1685 97307
172580 172582 2009 1684 97367
29269 92602 2009 1218 97372
172689 172693 2009 1123 97451
14036 37454 2009 1685 97477
25039 172730 2009 1123 97482
173174 173175 2009 1142 97876
173337 173342 2009 1114 98007
7556 145959 2009 1107 98097
133811 133812 2009 1180 98259
135787 135788 2009 870 98323
63246 113208 2009 1691 98519
174109 174116 2009 917 98615
174220 174240 2009 1691 98712
12955 97996 2009 1691 98748
133633 133634 2009 862 98844
70078 174448 2009 849 98895
63613 174587 2009 849 98991
5771 84037 2009 789 99063
14399 124812 2009 756 99170
823 40088 2009 799 99234
19962 22855 2009 799 99217
13475 13476 2009 898 99391
38446 174983 2009 1695 99373
67046 71164 2009 907 99572
76331 76332 2009 905 99608
32825 175551 2009 1256 99771
175808 175809 2009 1265 99961
175931 175932 2009 1256 100061
176019 176020 2009 1276 100136
2838 99569 2009 877 100234
8555 90407 2009 885 100298
36252 176360 2009 876 100416
10306 176469 2009 1702 100533
21888 51786 2009 1702 100633
648 649 2009 424 101070
160379 177433 2009 425 101127
141330 177495 2009 409 101174
151122 151123 2009 401 101355
10638 15861 2009 401 101471
44993 130919 2009 1263 101654
177976 178049 2009 1709 101696
176929 178097 2009 1709 101720
5974 178185 2009 504 101798
178522 178530 2009 1716 102041
27631 125445 2009 691 102143
21508 22455 2009 710 102191
10317 17235 2009 665 102297
21452 26478 2009 669 102411
131732 179166 2009 425 102497
179343 179346 2009 426 102600
179476 179480 2009 455 102684
179868 179869 2009 771 102952
179939 179941 2009 771 103022
45442 180190 2009 796 103211
153187 180287 2009 796 103278
15413 180385 2009 500 103353
27104 180548 2009 522 103485
180563 180564 2009 1044 103505
91608 180793 2009 526 103728
43994 44409 2009 508 103824
27726 151200 2009 767 103068
92762 180942 2009 1721 103848
181020 181021 2009 522 103912
181098 181103 2009 1705 103982
181437 181438 2009 401 104289
58058 117822 2009 544 104296
13209 40211 2009 412 104299
106714 106716 2009 1705 104356
29470 53739 2009 1705 104420
154484 181914 2009 903 104664
182081 182083 2009 535 104814
46518 182116 2009 500 104831
182077 182082 2009 535 104814
182594 182595 2009 1202 105139
38957 61481 2009 1202 105161
38080 57169 2009 1138 105253
182828 182829 2009 1190 105309
37948 95045 2009 203 105382
15432 183248 2009 1136 105622
72300 72301 2009 1102 105760
4200 4201 2009 9 106080
184005 184006 2009 238 106223
63461 138270 2009 203 106350
13646 184392 2009 1730 106481
184435 184438 2009 208 106525
184517 184519 2009 208 106610
185100 185101 2009 1749 107120
73200 114252 2009 1145 107157
185352 185353 2009 1753 107267
185732 185734 2009 1751 107505
31344 186046 2009 720 107745
186106 186114 2009 711 107785
69638 186100 2009 711 107817
186184 186186 2009 1752 107838
185514 186139 2009 1752 107868
15074 124348 2009 612 108001
39509 186368 2009 592 108003
60226 186506 2009 106 108111
49511 186586 2009 749 108157
186661 186743 2009 1758 108250
183238 183240 2009 41 108376
84727 187111 2009 160 108490
142491 187127 2009 1759 108504
187336 187337 2009 132 108651
97079 187317 2009 1762 108639
187446 187448 2009 1756 108728
187512 187514 2009 1756 108768
74737 78487 2009 1095 108990
101686 186686 2009 1758 109031
187896 187897 2009 1764 109101
20905 174160 2009 399 109390
126522 155851 2009 1766 109548
10816 10831 2009 489 109626
189101 189109 2009 454 110000
167747 167748 2009 1765 110124
20154 20158 2009 935 110251
2778 2779 2009 449 110279
38053 189502 2009 436 110318
17362 189703 2009 1765 110499
38104 38114 2009 1777 110743
56069 93565 2009 1765 110815
171788 190243 2009 693 110965
45615 190245 2009 700 110967
162751 190334 2009 1385 110969
159670 190395 2009 1388 111081
190675 190678 2009 661 111285
6840 121502 2009 654 111450
191268 191269 2009 1785 111693
191285 191342 2009 1785 111758
69569 69570 2009 458 111876
37442 138672 2009 457 111906
1374 25658 2009 762 111937
6481 191831 2009 472 112135
23912 192044 2009 1782 112296
76196 192050 2009 690 112302
192167 192168 2009 478 112400
70728 192335 2009 1787 112531
4467 192444 2009 479 112617
8699 192472 2009 463 112636
22349 41630 2009 463 112656
41422 192495 2009 479 112658
20071 94700 2009 449 112709
165704 192687 2009 565 112846
16983 192688 2009 1019 112849
155382 192929 2009 562 113116
98042 193275 2009 565 113450
41787 47990 2009 582 113603
15316 193611 2010 767 113825
193770 193774 2010 1796 113954
24880 194002 2010 1083 114126
15297 193866 2010 1403 114026
162885 194101 2010 1149 114201
194198 194204 2010 1798 114276
59052 194173 2010 1793 114256
194213 194220 2010 1019 114284
4484 22969 2010 1793 114522
107659 194647 2010 1790 114592
44159 140151 2010 1083 114783
194967 194969 2010 860 114832
174350 174404 2010 862 114859
115040 115041 2010 1403 114938
21068 99061 2010 1251 114916
23771 34432 2010 1802 114953
34811 77365 2010 849 115156
193029 195434 2010 845 115192
195749 195751 2010 1791 115427
25629 195765 2010 1403 115448
786 61162 2010 876 115480
195836 195841 2010 876 115513
195957 195958 2010 860 115616
3269 4121 2010 1794 115692
196094 196095 2010 1257 115707
95335 124003 2010 1279 115829
14620 196324 2010 936 115868
88093 88094 2010 1224 115970
196598 196613 2010 1408 116093
196736 196738 2010 1100 116184
38799 70275 2010 1274 116619
45045 119407 2010 1274 116770
22803 168344 2010 1811 116811
197591 197592 2010 1116 116847
12288 183256 2010 1138 116972
3881 3914 2010 1800 117007
197703 197720 2010 964 116922
11226 197888 2010 1699 117056
23278 197918 2010 1116 117071
198001 198003 2010 1791 117123
55144 198347 2010 1812 117378
98776 198280 2010 1086 117336
55 179407 2010 1734 117472
571 58872 2010 964 117487
87615 95335 2010 1115 117704
60441 145079 2010 1815 117875
35270 199246 2010 1819 118056
179996 199094 2010 1252 117929
199497 199500 2010 1036 118240
199622 199633 2010 1816 118326
82534 83790 2010 1252 118428
53602 199823 2010 1828 118468
50631 199819 2010 1657 118501
153114 199974 2010 817 118606
26223 48851 2010 1820 118062
158936 200121 2010 1649 118693
158134 199273 2010 1820 118062
94725 200370 2010 755 118853
200553 200555 2010 1661 118984
74452 81338 2010 977 119026
54365 72127 2010 1832 119052
1934 24736 2010 1831 119097
77351 77352 2010 1674 119235
194416 194420 2010 1661 119378
14107 34776 2010 1819 119461
8754 85555 2010 779 119515
59913 201270 2010 1033 119487
55681 201387 2010 1828 119554
114667 201470 2010 779 119618
116877 116878 2010 1835 119839
201855 201857 2010 818 119933
55318 191687 2010 997 119989
7433 62334 2010 855 120381
15030 202319 2010 981 120355
830 49013 2010 965 120685
97877 122321 2010 790 120799
49013 202751 2010 965 120685
188888 203089 2010 1647 120970
134530 166974 2010 1839 121016
195784 203174 2010 1647 121041
203361 203363 2010 1845 121165
26543 203371 2010 1844 121173
67502 91691 2010 991 121267
14931 14933 2010 788 121417
203679 203680 2010 1035 121440
94082 203794 2010 880 121542
46906 203800 2010 1381 121551
71734 203893 2010 817 121625
130301 204059 2010 764 121797
112883 204125 2010 1147 121870
204216 204217 2010 1848 121928
78750 78751 2010 902 122001
38641 204393 2010 1147 122062
75327 204571 2010 788 122229
8446 65935 2010 899 122433
27686 204817 2010 45 122447
3789 26591 2010 45 122637
17791 17792 2010 523 122582
38127 81798 2010 1856 122868
14839 206095 2010 1858 123349
206592 206594 2010 1858 123668
155051 167433 2010 162 123708
13955 59602 2010 449 123734
206745 206749 2010 162 123771
20250 206823 2010 162 123839
99511 206910 2010 162 123916
206899 206914 2010 162 123921
32991 206951 2010 188 123953
16837 207213 2010 49 124172
45308 207205 2010 523 124225
52247 207302 2010 175 124242
46062 105082 2010 1855 122740
12975 28316 2010 577 124517
203830 203838 2010 168 124532
9062 207696 2010 81 124607
14899 14901 2010 339 124676
207800 207802 2010 1570 124715
26030 110467 2010 78 124812
53926 175819 2010 541 124999
16348 208152 2010 321 125040
175018 197478 2010 77 125001
208319 208320 2010 323 125194
205812 205813 2010 1858 125644
208986 208987 2010 1858 125719
44895 209345 2010 505 125971
32949 209451 2010 1722 126076
15316 209645 2010 30 126192
5527 107054 2010 1871 126350
108507 209719 2010 57 126353
209752 209753 2010 1871 126380
1491 54661 2010 615 126512
105891 136035 2010 591 127258
173891 173949 2010 1883 127507
211022 211023 2010 668 127554
211085 211086 2010 1883 127614
211107 211108 2010 1881 127638
24738 25003 2010 656 127795
48613 147746 2010 693 127860
211717 211718 2010 693 128203
190053 190054 2010 1884 128573
212384 212389 2010 118 128850
1912 76703 2010 118 128889
8561 212168 2010 1885 128659
42123 75115 2010 1863 128857
212525 212527 2010 1773 128981
23436 41549 2010 650 129082
37590 212807 2010 1609 129235
212819 212820 2010 405 129241
212714 212716 2010 428 129146
59269 200522 2010 640 129432
71534 213101 2010 1643 129489
13273 213183 2010 150 129579
20719 126131 2010 137 129608
129853 213497 2010 1891 129927
91232 213614 2010 1099 129952
77497 174345 2010 1084 129976
11077 213631 2010 1893 129960
6873 213726 2010 1893 130028
172174 208253 2010 127 130127
214098 214099 2010 1896 130324
51271 144649 2010 3 130429
214306 214307 2010 1897 130493
25528 44877 2010 1187 130639
534 92504 2010 1597 130696
26223 35009 2010 1901 131109
12882 138376 2010 127 131192
215207 215209 2010 1231 131306
116367 215348 2010 1219 131457
3075 46596 2010 1906 131722
15537 141592 2010 1906 131726
59885 215687 2010 1906 131759
27419 215699 2010 1365 131765
215559 215899 2010 1432 131691
79390 215795 2010 1382 131861
6222 16938 2010 1913 132067
194302 194308 2010 1793 132237
60671 93352 2010 1918 132492
28340 216569 2010 5 132617
14289 216664 2010 309 132692
6603 76608 2010 1744 133106
126477 217213 2010 1162 133232
51368 217210 2010 1162 133232
61060 217673 2010 251 133657
68923 96859 2010 355 133758
159692 217853 2010 356 133803
58993 217864 2010 351 133817
22364 48008 2010 217 133880
26450 218016 2010 404 133969
42409 218263 2010 1934 134191
71291 218334 2010 1935 134238
26693 218335 2010 235 134239
29056 128804 2010 235 134264
21801 218395 2010 250 134296
35856 218530 2010 504 134382
106552 109993 2010 373 134454
101565 218685 2010 372 134494
218929 218932 2010 77 134734
12756 219003 2010 357 134813
210555 219157 2010 355 134946
219233 219234 2010 389 135019
5742 219267 2010 504 135056
219274 219275 2010 357 135061
139824 219323 2010 383 135099
12391 118478 2010 292 135247
114468 114616 2010 1938 135449
124792 193334 2010 1195 135634
220130 220131 2010 1199 135926
19486 19489 2010 212 136196
220408 220412 2010 1603 136210
19158 66230 2010 228 136115
220479 220484 2010 1930 136259
13787 22786 2010 663 136876
146405 220646 2010 663 136883
13861 100632 2010 467 136985
203338 221180 2010 1945 137011
10636 58969 2010 403 137334
139966 221630 2010 223 137408
27100 222002 2010 104 137698
53637 53638 2010 352 137730
222055 222093 2010 620 137751
195965 221996 2010 104 137697
47689 202149 2010 352 137819
100754 222226 2010 352 137881
222246 222247 2010 180 137907
222475 222550 2010 1949 138086
34257 34258 2010 1414 138197
145398 222936 2010 1414 138413
222279 223085 2010 502 138535
77530 133843 2010 279 138540
223465 223466 2010 502 138821
31344 94260 2010 271 139061
156820 223904 2010 579 139165
17359 17386 2010 524 139481
30612 150583 2010 539 139643
44431 70493 2010 1584 139911
39266 224673 2010 1958 139956
72763 141512 2010 1090 140232
6384 21314 2010 342 140243
46839 119290 2010 83 140324
98676 178417 2010 1186 140358
59181 59182 2010 1234 140423
81815 225084 2010 1108 140457
25880 109332 2010 1090 140534
73861 73862 2010 1378 140667
73246 196761 2010 1378 140862
1034 51055 2010 1249 140894
146392 184878 2010 1249 140957
225776 225777 2010 1585 141073
225866 225868 2010 1956 141149
97096 226003 2010 70 141300
13848 196575 2010 70 141379
55136 226447 2010 374 141651
10452 197351 2010 12 141644
65986 226486 2010 237 141694
226535 226539 2010 314 141551
226621 226624 2010 22 141829
226674 226675 2010 358 141886
57994 187104 2010 22 141915
226815 226816 2010 382 142022
226897 226900 2010 344 142099
35736 227042 2010 1965 142189
6545 7091 2010 337 142348
50357 138557 2010 272 142388
188226 215090 2010 1407 142287
179526 217443 2010 83 142446
28325 227296 2010 317 142450
70911 70912 2010 317 142457
159590 159591 2010 1965 142584
4297 227524 2010 236 142627
107748 107749 2010 1967 142777
59960 118480 2010 1142 143049
170859 228084 2010 1146 143055
56383 56384 2010 618 143563
228574 228577 2010 618 143564
84589 125814 2010 1972 143685
90305 90306 2010 1092 143967
3008 228953 2010 148 143988
57421 57422 2010 148 143532
20527 20528 2010 1337 144109
229165 229167 2010 32 144154
191283 229635 2010 84 144586
68135 68136 2010 1146 144872
95127 229932 2010 48 144900
17955 230076 2010 171 145022
209481 230232 2010 1970 145129
56160 230386 2010 53 145293
95390 168022 2010 1163 145378
3245 8151 2010 1975 145544
15691 54867 2010 1976 145611
230665 230666 2010 1975 145658
1156 154361 2010 431 145771
230888 230889 2010 1981 145879
97930 102864 2010 1978 146229
14090 122296 2010 1188 146256
79821 113014 2010 1213 146435
207107 207108 2010 573 146530
231969 231970 2010 411 146745
232372 232374 2010 416 147012
17654 44441 2010 395 147010
232552 232553 2010 607 147182
201707 232841 2010 1993 147481
122227 232846 2010 1993 147489
6770 47392 2010 1081 147651
233178 233179 2010 1081 147797
1990 50265 2010 731 147908
203409 233306 2010 1996 147919
65159 94820 2010 1998 148061
109200 233510 2010 1685 148101
76687 233724 2010 1511 148312
16937 63550 2010 1221 148331
34284 35330 2010 1228 148366
4590 233768 2010 1511 148353
49090 172361 2010 1999 148394
92422 233821 2010 1999 148410
12975 134744 2010 1511 148456
25109 125049 2010 1511 148489
4414 8687 2010 41 148804
234399 234400 2010 2004 148869
163091 163093 2010 2004 148930
51834 107217 2010 1782 149331
235152 235154 2010 161 149477
5327 83028 2010 696 149550
235370 235371 2010 102 149652
21845 21846 2010 125 149740
235594 235599 2010 297 149819
235646 235647 2010 297 149853
26010 235735 2010 216 149944
158730 158732 2010 715 150108
64194 235916 2010 715 150122
77970 236062 2010 705 150248
21448 59654 2010 1749 150284
9446 236334 2010 326 150496
236353 236355 2010 326 150506
36629 236371 2010 326 150518
68938 119818 2010 680 150716
25592 236857 2010 1748 150877
117500 117503 2010 1748 150836
108042 237103 2010 2012 151105
170009 237367 2010 546 151339
25976 44715 2010 436 151560
63685 237747 2010 533 151687
237795 237796 2010 2013 151756
80804 208244 2010 499 151804
17544 180550 2010 526 151871
49630 237973 2010 570 151932
238049 238057 2010 520 151998
65387 94704 2010 551 152205
238599 238600 2010 665 152484
238626 238627 2010 429 152503
238742 238743 2010 665 152601
26908 229798 2010 744 152609
109231 238783 2010 665 152629
41226 61585 2010 481 152690
46253 68391 2010 489 152764
45251 238992 2010 665 152812
239210 239212 2010 1782 153037
239739 239740 2010 443 153471
239926 239929 2010 455 153632
117295 213718 2010 430 153736
61886 173039 2010 422 153948
12272 12508 2010 1129 154016
2245 240548 2010 1077 154093
79417 153133 2010 1260 154232
168589 240708 2010 1260 154248
77956 202192 2010 182 154353
65787 241128 2010 1387 154649
16245 84880 2010 1384 154749
241314 241316 2010 131 154811
212491 241394 2010 943 154916
13666 189178 2010 2024 155061
9138 17525 2010 762 155155
100535 130692 2010 1013 155373
175208 175212 2010 128 155389
94753 122385 2010 128 155449
37497 106874 2010 128 155464
33309 242135 2010 875 155602
216371 242007 2010 1 155635
94798 242360 2010 1426 155782
145278 152097 2010 2027 155859
242400 242443 2010 2027 155836
49682 242541 2010 1277 155973
24792 242587 2010 31 156185
242898 242899 2010 950 156334
224811 242916 2010 974 156350
187026 206492 2010 950 156367
146 27313 2010 950 156442
243280 243281 2010 830 156690
48758 243293 2010 830 156697
243356 243357 2010 2036 156761
147285 147286 2010 810 156781
9311 243605 2010 1027 156970
107927 107930 2010 1145 157131
243909 243910 2010 616 157184
141074 218120 2010 1610 157275
52474 104309 2010 590 157279
98267 243810 2010 2040 157110
89048 243796 2010 2040 157110
17269 243796 2010 2040 157110
100148 244189 2010 1136 157406
51117 51302 2010 1124 157517
28387 138252 2010 203 157598
44744 56378 2010 2008 157609
44910 244699 2010 2008 157773
159720 244768 2010 2008 157812
244903 244907 2010 1124 157934
243963 244126 2010 616 157234
75994 245022 2010 2008 158011
49507 100400 2010 871 158106
73378 146592 2010 1041 158638
239384 245915 2010 113 158835
105267 202434 2010 1611 159186
3244 4579 2010 631 159307
65158 107943 2010 147 159323
150350 246151 2010 134 159671
247135 247136 2010 1034 160023
247362 247363 2010 1017 160166
247408 247409 2010 1034 160206
32814 247548 2010 1292 160357
143089 247750 2010 1047 160618
185146 218420 2010 1051 160821
105232 248142 2010 890 160971
152114 248190 2010 1443 161002
123236 248246 2010 847 161052
63789 88044 2010 1051 161139
248403 248404 2010 864 161206
99034 149611 2010 1070 161359
22673 69907 2010 1070 161391
63788 88756 2010 1051 161646
228480 228682 2010 2066 161955
22940 24280 2010 1204 162052
26978 126855 2010 1119 162321
3894 29029 2010 273 162509
42250 80436 2010 1346 162973
59727 250670 2010 1460 163471
65986 226486 2010 758 163529
53508 132183 2010 1112 163658
3821 92592 2010 1118 163686
1686 191587 2010 1659 163854
181010 251353 2010 857 164071
167964 167965 2010 971 164500
175232 198721 2010 751 164545
128832 220180 2010 1010 164633
96312 251925 2010 1010 164644
93490 251987 2010 963 164708
60525 251991 2010 806 164712
251444 251445 2010 2079 164895
118023 192660 2010 1479 164921
19359 252369 2010 1132 165075
33484 79563 2010 1093 165299
153628 252607 2010 1103 165347
252694 252696 2010 1184 165392
32742 95335 2010 1093 165470
119690 252846 2010 1483 165512
230449 252934 2010 1201 165605
189092 253395 2010 1150 166009
125565 125567 2010 1487 166103
3175 253830 2010 1489 166382
229106 229108 2010 955 166471
15639 120662 2010 778 166556
254063 254066 2010 778 166539
75391 84559 2010 1006 166670
254511 254720 2010 897 167242
26047 254742 2010 951 167257
149626 254796 2010 1061 167309
20612 22554 2010 1061 167391
82093 254976 2010 953 167476
4517 255052 2010 806 167581
78335 78355 2010 813 167888
255300 255301 2010 813 167901
156410 255404 2010 999 168018
106198 255444 2010 819 168072
39835 255857 2010 1001 168489
21663 256071 2010 219 168695
56762 244634 2010 2093 168755
190652 256110 2010 1291 168722
7695 256216 2010 1457 168834
53786 91963 2010 2094 169097
148230 256518 2010 2095 169119
216133 216134 2010 1256 169220
31338 256598 2010 1543 169227
56582 256728 2010 2099 169337
103579 171955 2010 1298 169485
257041 257043 2010 316 169641
2641 46019 2010 2102 170006
94548 245262 2010 1248 170022
29440 246911 2010 316 170130
6328 46031 2010 231 168505
50673 50676 2010 1256 169666
10582 134285 2010 1457 170240
171099 195843 2010 1550 170524
258156 258159 2010 219 170701
258248 258250 2010 1457 170794
9812 66459 2010 2101 170847
23976 41947 2010 1256 171023
13575 258504 2010 273 171026
33722 119094 2010 1326 171330
1633 1636 2010 1331 171391
73574 258673 2010 1379 170990
25262 258797 2010 1256 171320
228460 258972 2011 1004 171514
46531 259489 2011 1332 171940
259592 259604 2011 134 172084
259702 259709 2011 1177 172179
130334 259862 2011 951 172305
7281 259993 2011 616 172402
90902 90904 2011 616 172504
260145 260153 2011 989 172542
3766 22947 2011 611 172626
260267 260277 2011 990 172641
34938 260669 2011 969 172984
91846 260676 2011 2112 172992
241523 260811 2011 99 173136
96449 225466 2011 1833 173158
76626 94907 2011 99 173167
260620 260622 2011 2111 172914
27695 260900 2011 2112 173202
184712 261015 2011 1679 173274
154892 155124 2011 741 173328
47655 65375 2011 2112 172992
137135 236785 2011 2112 172992
260875 260907 2011 2112 173202
261306 261310 2011 1653 173545
202432 261345 2011 1011 173580
228882 261477 2011 715 173693
170068 199224 2011 1002 173699
33645 47730 2011 715 173707
115689 125085 2011 1153 173675
115278 115279 2011 660 173888
3140 44979 2011 660 174092
262212 262218 2011 631 174287
110556 262217 2011 631 174287
1032 262314 2011 1114 174340
40194 262336 2011 621 174379
60825 262180 2011 1642 174261
110168 262826 2011 646 174767
86809 147502 2011 955 174627
92849 263049 2011 1171 174984
46051 231893 2011 1637 175082
22133 40400 2011 936 175379
5642 5644 2011 619 175479
38133 82693 2011 153 175492
10217 263585 2011 621 175525
15902 242436 2011 134 175416
263696 263697 2011 621 175631
70244 70246 2011 1643 175716
243783 243786 2011 2040 175794
22782 243795 2011 2040 175794
243812 263853 2011 2040 175794
45100 65486 2011 1610 175857
26492 95876 2011 1180 176261
1139 133230 2011 951 176358
95418 172216 2011 1092 175511
60730 264784 2011 1609 176718
75134 162713 2011 2124 176725
114897 115645 2011 965 176789
264947 264948 2011 1675 176874
264806 265037 2011 1608 176980
188351 265319 2011 399 177257
81238 127782 2011 1110 177006
91056 250914 2011 1671 177566
83365 166705 2011 1774 177580
83365 265679 2011 1774 177580
104061 266050 2011 1257 177974
207704 228267 2011 1146 177982
102662 266080 2011 2132 177996
26339 211635 2011 1110 177989
12948 116898 2011 1257 178024
4709 15984 2011 1110 178392
789 266590 2011 1110 178392
109993 265339 2011 2127 177270
261578 267014 2011 1797 178742
116776 179643 2011 1289 178744
95386 267345 2011 2133 179027
6715 6816 2011 582 179038
56087 57148 2011 2137 179070
68981 89994 2011 2125 179285
18835 267710 2011 522 179308
33503 70143 2011 1680 179170
267798 267800 2011 1184 179390
115401 132110 2011 1371 179410
32765 53959 2011 1103 179407
184519 263881 2011 1080 179603
4409 4414 2011 1173 179807
268271 268272 2011 1106 179891
43480 267227 2011 556 179929
43668 128941 2011 1132 180136
57784 237291 2011 556 180142
114841 268531 2011 1368 180189
240499 268799 2011 2140 180425
72436 173176 2011 1681 180429
269634 269638 2011 2002 181226
13308 50005 2011 1073 181332
16288 72045 2011 1061 181342
189415 233563 2011 718 181615
30247 62341 2011 718 181684
270284 270286 2011 806 181850
116308 270416 2011 1061 181976
24276 270686 2011 458 182235
270692 270694 2011 2148 182241
4406 177501 2011 457 182329
116813 270972 2011 853 182496
229544 271452 2011 2080 182933
24810 271426 2011 2018 182912
14069 130940 2011 2150 183171
46481 248572 2011 2150 183282
29113 85494 2011 1162 183551
28516 272279 2011 853 183717
272333 272337 2011 690 183757
48031 272499 2011 857 183894
272489 272498 2011 857 183894
40807 272674 2011 1146 184051
272678 272679 2011 1876 184058
4818 23204 2011 1935 184459
66809 76608 2011 1935 184459
19452 109307 2011 1935 184459
83148 273386 2011 768 184674
92162 181037 2011 362 184763
241737 273591 2011 364 184882
91427 211539 2011 2159 185014
202319 273839 2011 1596 185117
174622 274203 2011 240 185486
15030 243068 2011 2161 185849
274674 274675 2011 330 185868
93056 194741 2011 776 185917
99089 121613 2011 317 186034
23914 274981 2011 1902 186085
16606 275405 2011 782 186485
275650 275651 2011 2163 186706
275965 275966 2011 352 187006
34257 215372 2011 755 187021
113098 276053 2011 2167 187087
251101 258320 2011 2077 187276
176351 251895 2011 877 187343
63901 213566 2011 382 187372
253157 276455 2011 1578 187455
20349 139846 2011 1658 187495
38011 258443 2011 358 187578
12468 20513 2011 382 187592
99986 126963 2011 382 187682
268042 268043 2011 2169 187817
276782 276783 2011 1839 187804
74164 276800 2011 1606 187816
10318 32230 2011 1195 187838
36919 150411 2011 264 187902
132325 276981 2011 2170 187768
23738 252707 2011 1607 188377
79209 277550 2011 279 188445
277701 277704 2011 2171 188596
90091 277767 2011 1195 188642
90093 277767 2011 1195 188642
3309 246933 2011 2171 188688
34433 62711 2011 1195 188711
18125 180604 2011 1208 188793
98020 277913 2011 1214 188810
278052 278053 2011 1195 188974
77281 136211 2011 1212 188970
193098 270445 2011 1590 189200
1133 278378 2011 1592 189305
278380 278382 2011 1592 189307
27626 278408 2011 284 189322
42945 51564 2011 284 189380
154469 172359 2011 1591 189426
24397 24399 2011 284 189470
201429 201430 2011 2177 189617
278988 278989 2011 2178 189783
279036 279085 2011 2176 189857
148309 279252 2011 210 190007
24909 279384 2011 206 190130
7623 100530 2011 204 190129
61521 279383 2011 202 190119
30496 236116 2011 206 190190
61776 109487 2011 296 190361
72791 90358 2011 302 191167
11617 32371 2011 177 191358
155640 280525 2011 1099 191397
3311 280607 2011 177 191471
30939 280636 2011 175 191500
106147 281296 2011 2182 192002
281326 281329 2011 1099 192009
280662 281662 2011 2029 192216
91291 98088 2011 2186 192289
61060 281892 2011 1084 192359
58930 282074 2011 2029 192476
18769 88640 2011 2029 192481
248386 282108 2011 1307 192501
66398 66863 2011 2187 192285
88094 139172 2011 983 192759
3108 23423 2011 985 192850
282454 282456 2011 121 192739
279792 282457 2011 121 192739
282960 282961 2011 128 193109
156173 180043 2011 979 193259
260902 260906 2011 2112 173202
74358 283305 2011 2023 193413
283427 283428 2011 2182 193509
280823 283528 2011 2106 193565
283601 283602 2011 2106 193611
3478 283746 2011 1062 193729
283192 283193 2011 2106 194228
233024 284274 2011 2182 194268
17141 279560 2011 188 194365
1880 57796 2011 2189 194386
284578 284579 2011 1796 194528
201969 284627 2011 347 194587
50 238498 2011 1594 194686
185027 284807 2011 79 194706
6699 193684 2011 1796 194942
145582 234638 2011 1796 194976
285511 285518 2011 822 195342
37404 123932 2011 317 195517
17555 149433 2011 782 195614
93167 93169 2011 1084 195634
12981 62591 2011 782 195655
877 102938 2011 322 195658
61528 98021 2011 1866 195795
286053 286055 2011 348 195816
44470 44471 2011 342 195847
78496 110293 2011 83 195817
6561 41134 2011 877 196017
285931 285933 2011 2190 195716
19199 286334 2011 337 196046
30589 150955 2011 323 196083
6588 24017 2011 2193 196487
93332 124584 2011 34 196389
63405 143731 2011 809 196564
37025 85785 2011 26 196619
34286 287048 2011 2185 196670
287168 287169 2011 2186 196772
264993 281742 2011 2186 192267
2632 287267 2011 1649 196849
14499 132967 2011 1 197002
287890 287891 2011 1661 197352
86041 102314 2011 2197 197549
73200 114237 2011 33 197765
192452 288409 2011 1661 197798
159533 288783 2011 43 198116
288820 288821 2011 43 198143
105525 288898 2011 1566 198200
10181 57224 2011 171 198452
156270 228336 2011 1562 198525
229509 289691 2011 76 198944
83955 290109 2011 598 199405
263031 290316 2011 2203 199601
290534 290535 2011 614 199815
290552 290553 2011 614 199833
26241 118269 2011 615 199892
12616 290631 2011 2204 199903
149000 228760 2011 1522 200605
10832 74438 2011 137 200734
13972 56418 2011 359 200896
291836 291839 2011 2208 200973
105938 292010 2011 2207 201064
572 54135 2011 375 201262
96678 110837 2011 359 201306
292312 292313 2011 2208 201324
119663 251218 2011 2212 201651
220921 292793 2011 2213 201749
6456 31902 2011 356 201758
126467 292797 2011 1548 201842
36060 290381 2011 2214 201909
1934 34811 2011 349 202038
30275 293125 2011 81 202078
293245 293246 2011 319 202205
290207 291290 2011 2216 202348
35291 293517 2011 30 202468
73735 96050 2011 84 202575
293682 293684 2011 2217 202620
21046 21047 2011 2209 202950
124737 124739 2011 321 202986
94915 294105 2011 2209 203001
589 294186 2011 319 203075
7368 294411 2011 1868 203319
101550 294502 2011 532 203432
64978 269845 2011 550 203460
32704 294718 2011 1865 203579
78850 294838 2011 524 203664
47581 295110 2011 517 203951
270323 295247 2011 2221 204068
60156 295388 2011 400 204193
41144 81512 2011 1527 204334
11752 295915 2011 502 204583
78055 296306 2011 670 204861
162105 224946 2011 1412 204971
137929 239058 2011 2228 205228
42656 48176 2011 403 205455
25392 25393 2011 402 205573
80674 297121 2011 2230 205633
297352 297355 2011 402 205667
297451 297453 2011 482 205857
44109 297530 2011 488 205933
93218 291455 2011 1932 205953
186049 186050 2011 456 206015
231053 297727 2011 1983 206119
9984 9986 2011 432 206160
297634 297641 2011 2233 206063
50355 50359 2011 2237 206242
161046 298092 2011 2240 206464
290989 298272 2011 2241 206575
298087 298284 2011 2241 206586
298282 298286 2011 2241 206583
59563 87744 2011 706 206831
65500 298622 2011 656 206974
12617 22474 2011 432 206996
298826 298848 2011 2246 207181
236162 299128 2011 416 207398
299326 299327 2011 2247 207620
36246 192285 2011 2249 207703
142 60916 2011 2252 208026
49229 175232 2011 2253 208181
119136 300202 2011 1532 208503
20509 300277 2011 408 208573
195210 300268 2011 405 208566
80007 137483 2011 752 208840
17014 300609 2011 779 208888
131783 267044 2011 783 208987
7404 300904 2011 787 209194
40667 301029 2011 2258 209321
85355 85356 2011 1022 209565
71240 301548 2011 813 209799
48465 301596 2011 813 209848
11133 171565 2011 1046 209494
100259 301639 2011 1046 209891
12889 89229 2011 1502 209935
15410 301681 2011 753 209964
123281 211496 2011 1446 210023
18082 18483 2011 882 210086
123256 248214 2011 847 210114
38074 301883 2011 847 210164
82129 87037 2011 1447 210212
302081 302229 2011 2259 210451
273979 302257 2011 1443 210475
105118 122696 2011 890 210582
131001 203670 2011 788 210796
81718 131265 2011 911 210880
121966 122611 2011 916 210906
254469 289342 2011 868 210927
7817 301434 2011 2261 211060
303125 303505 2011 766 211574
130117 277661 2011 766 211677
303616 303617 2011 766 211679
157099 303701 2011 855 211755
304059 304060 2011 1122 212052
91617 91619 2011 1116 212121
122902 304192 2011 2266 212129
230234 304334 2011 2268 212240
20711 304497 2011 2265 212381
128535 304837 2011 988 212682
19248 226165 2011 2081 212726
73963 246566 2011 1810 212753
60749 60750 2011 1065 212934
113404 113405 2011 2088 213026
68993 167541 2011 1069 213049
10128 10131 2011 971 213141
103844 305222 2011 971 213144
103269 305337 2011 2272 213235
242416 305353 2011 2272 213247
21448 21449 2011 1016 213412
1938 123732 2011 1016 213411
20237 77741 2011 991 213486
10209 38621 2011 1469 213741
305921 305925 2011 2277 213812
10550 306052 2011 2276 213904
109108 262983 2011 1901 213925
4685 194107 2011 2279 213943
33398 41670 2011 1119 214079
33398 306196 2011 1119 214079
89899 267681 2011 1459 214084
126961 306217 2011 1459 214103
264785 306379 2011 2281 214224
306406 306411 2011 2281 214237
306583 306585 2011 1155 214339
93083 306638 2011 1155 214375
306469 306929 2011 2281 214609
64579 77308 2011 2282 214612
70610 219804 2011 1199 214780
87075 264194 2011 273 214831
25060 82257 2011 288 214932
115735 307386 2011 2286 215104
210607 307404 2011 268 215117
25839 307368 2011 305 215087
27480 307452 2011 305 215229
48027 307492 2011 291 215258
22851 253116 2011 1222 215548
12808 65980 2011 1227 215618
27889 105472 2011 1455 215710
66918 250066 2011 2073 215729
114061 307987 2011 1455 215818
308012 308015 2011 2066 215852
19846 308067 2011 1435 215901
218418 308090 2011 1266 215958
24523 277363 2011 1303 216027
69881 100919 2011 1435 216042
1187 308466 2011 2056 216314
307651 307652 2011 1435 216358
121659 121660 2011 1435 216404
308590 308591 2011 1330 216443
141674 308678 2011 1451 216539
61212 308810 2011 1445 216733
2548 308938 2011 2288 216836
12882 140941 2011 1279 216937
306311 309128 2011 2288 217026
16752 309199 2011 1433 217111
44448 108374 2011 1161 217447
74935 273468 2011 1161 217448
113390 309700 2011 2290 217530
15494 21836 2011 2290 217557
166602 310011 2011 2289 217752
7359 310086 2011 1430 217815
80881 80882 2011 1364 217849
310208 310209 2011 1917 217950
121429 136481 2011 1430 218076
235965 310323 2011 1430 218118
310559 310564 2011 1752 218288
39150 93652 2011 2294 218304
77331 310689 2011 1159 218408
186770 311130 2011 1715 218683
310386 310404 2011 2292 218155
13232 13260 2011 2292 218155
46420 100463 2011 1716 218751
6421 235850 2011 2292 218155
172139 311341 2011 1718 218860
4982 38364 2011 1735 219109
85406 311677 2011 1198 219115
284394 311724 2011 1183 219175
88822 311742 2011 1202 219207
8900 28278 2011 1138 219297
15432 311955 2011 265 219399
226001 248743 2011 1735 219632
311946 311948 2011 265 219725
312341 312349 2011 1095 219786
4507 289692 2011 1763 219840
312448 312449 2011 2298 219901
189466 222340 2011 1202 220067
150431 310385 2011 2292 218155
71078 143565 2011 2292 218155
541 4692 2011 1019 220252
35469 251758 2011 2024 220275
36636 229746 2011 2300 220365
89793 313107 2011 808 220573
278540 313142 2011 808 220607
313167 313168 2011 1799 220638
283098 313431 2011 932 220880
41820 93940 2011 932 220881
169168 169169 2011 1260 221017
9518 129840 2011 762 221086
119929 313667 2011 935 221218
35453 87453 2011 2292 218155
123893 313925 2011 2303 221532
314022 314024 2011 1309 221615
37302 314236 2011 1706 221794
768 186980 2011 2292 218155
47642 97511 2011 1263 221802
292043 314418 2011 1709 221917
314874 314875 2011 1727 222405
59105 314902 2011 2049 222457
314997 314999 2011 2046 222555
198592 314848 2011 887 222380
105935 315186 2011 424 222704
46061 315323 2011 423 222778
40454 315458 2011 425 222879
315535 315537 2011 426 222930
171969 315627 2011 443 222960
12810 315885 2011 669 223200
129645 316081 2011 2308 223432
62619 167912 2011 711 223452
41845 60710 2011 481 223555
118998 316245 2011 465 223599
76963 316189 2011 455 223552
61417 97401 2011 691 223640
120689 316199 2011 455 223560
51013 198104 2011 2309 223746
238483 316493 2011 500 223866
81586 94089 2011 1723 224006
112948 316636 2011 545 224018
112311 207889 2011 1723 224021
10219 27726 2011 551 224009
123280 316714 2011 1725 224126
26479 26482 2011 503 224239
13089 115917 2011 510 224241
108433 145778 2011 499 224410
27682 218228 2011 504 224593
317210 317216 2011 535 224658
5590 5591 2011 547 224728
35156 317357 2011 1867 224809
26541 44698 2011 499 224825
26541 67868 2011 499 224825
247021 317404 2011 499 224868
19039 60179 2011 533 224911
27759 317521 2011 310 224998
317531 317535 2011 310 225001
64569 318266 2011 248 225571
54836 154195 2011 309 225855
318624 318625 2011 326 225872
318675 318676 2011 326 225908
44867 232448 2011 2314 226018
185510 319097 2011 637 226318
30299 319220 2011 713 226472
30300 319220 2011 713 226474
113941 305521 2011 1757 227111
320297 320298 2011 2317 227639
154317 320328 2011 859 227668
25458 320312 2011 82 227654
320445 320446 2011 2317 227777
319983 319985 2011 859 227346
12508 113040 2011 61 227862
137593 320542 2011 2318 227888
11409 124819 2011 314 227885
36324 38328 2011 2318 227927
14289 103792 2011 2030 228113
247537 320958 2011 2031 228256
320961 320964 2011 2030 228263
321157 321158 2011 1891 228402
2434 321182 2011 12 228425
152752 321827 2011 61 229010
42842 254611 2011 790 228863
9359 58483 2011 1406 229398
212881 322326 2011 2323 229465
152174 322377 2011 1147 229527
129008 322459 2011 1147 229613
114822 322477 2011 224 229632
26693 317262 2011 230 229728
16761 16762 2011 1108 229856
270514 322786 2011 1398 230059
3265 243482 2011 2323 230107
113551 113553 2011 1158 230100
20854 45212 2011 1108 230132
48607 322938 2011 1252 230258
323088 323090 2011 1290 230401
13790 221818 2011 1290 230410
26259 72143 2011 1363 230449
41057 122705 2011 1911 230477
76641 102372 2011 859 230513
15288 42748 2011 211 230664
125277 169193 2011 205 230705
46183 115387 2011 1378 231029
2631 31519 2011 1381 231036
73254 156412 2011 1378 231132
105407 323852 2011 1403 231174
6773 113005 2011 1339 231226
184534 324044 2011 1342 231403
14461 35380 2011 1809 231433
129806 324085 2011 12 231438
50144 323927 2011 127 231523
119528 324309 2011 1423 231696
50032 195512 2011 1384 231714
10067 164723 2011 1149 231791
37151 324495 2011 12 231884
241544 313022 2011 1258 231907
140237 202780 2011 623 232127
324784 324785 2011 1788 232185
227841 236916 2011 1781 232233
48396 324847 2011 1781 232236
4511 110843 2011 644 232250
211955 240789 2011 1781 232267
56430 325065 2011 105 232543
14456 148813 2011 115 232658
246962 325240 2011 1418 232744
88747 325282 2011 2035 232778
325309 325313 2011 948 232833
17241 325374 2011 950 232931
260995 325188 2011 165 232691
10315 190062 2011 165 232986
